default: 
   Location: 
      world: crmapin
      x: -110.4781123097199
      y: 158.0
      z: -9.483753078476532
      pitch: 3.979183
      yaw: -356.3457
